9.80409397179
8.24544142127
7.80557770367
8.49958451755
7.31210288829
10.5551314942
10.9335219971
7.9780893009
9.42940063793
7.36585711019
9.69462888228
7.70481497128
11.3696804083
9.74214537288
7.73126628689
8.79523144335
7.98518675578
6.35761568346
8.40641327162
10.530538531
13.2277947168
10.5430240731
8.13638221628
7.75958155815
10.4858779789
10.6580354477
8.61690628941
8.98294764042
7.8722101622
10.3395527076
7.88264219805
8.07613261474
8.04569246092
9.9997219957
9.10824928369
9.77135681291
9.15118337027
7.78246259861
8.81417851494
11.9711893062
10.5199533785
10.0537336511
9.96315602306
10.2049893883
7.03635998618
11.2457551103
10.3227498173
9.43707188809
10.0686732811
10.7886883235

6.35761568346
7.03635998618
7.31379466012
7.36585711019
7.6930566011
7.74551884662
7.75958155815
7.80713359245
7.7811172355
7.83971925302
10.0537336511
7.29679007094
7.76613767972
7.7560185252
11.4613738494
8.1968469582
7.54989081543
7.72575433419
7.77854212851
9.88983377731
7.46702707612
6.08270594611
9.82267015945
7.72477162038
6.85764314939
9.24439441405
7.36585711019
6.6507686512
6.39854254146
6.3244756876
6.70359359759
7.03635998618
7.52312273676
10.0537336511
7.3060464459
8.09291973616
7.14949998927
7.3575309101
8.14598859874
7.54215377276
7.27588951362
8.11763469996
7.36585711019
7.63395828879
7.7226847567
7.17589581173
7.43003012952
7.09989448414
7.36585711019
8.0615925489

6.09094296652
6.35180214271
6.35761568346
6.40717406941
6.6507686512
6.70359359759
6.85757866807
7.03635998618
7.03635998618
7.07923610642
7.46575068763
7.52312273676
6.08467679595
7.12617715874
6.76342359953
6.35761568346
7.10127968136
7.03635998618
7.0751300474
6.68162307545
7.28946305409
6.89585387988
10.121689639
7.52312273676
7.10517879214
6.70359359759
6.35712718969
6.86235324438
6.41118959485
6.40118080572
7.03635998618
6.70359359759
5.8872424518
7.09207478448
6.31853944726
6.67460792888
5.74376078137
6.74327056692
7.03635998618
6.23821640784
6.64779424773
6.6507686512
6.4740437555
6.40302309094
7.52312273676
7.03635998618
6.35761568346
7.03635998618
5.98196284165
5.74942386113

5.76632853465
5.73216428904
5.88507576413
5.98118464776
6.09007130506
6.10596915007
6.24675723392
6.33366385256
6.35086585775
6.34520482193
6.35761568346
6.67460792888
6.70359359759
10.121689639
5.97150573518
5.84573325511
5.98201014163
5.75408351119
6.68068139661
5.88791440473
5.8824765539
6.34764622043
6.67460792888
6.09755719618
5.74727380711
5.74718838316
6.09633861271
5.75313860241
5.75142113724
5.87006772989
6.62364899425
6.35761568346
6.35761568346
6.67460792888
6.29382199903
5.73891479885
10.6768749417
6.24725175547
5.67999166989
5.96417173366
6.32437858388
6.23908642269
6.2818790855
6.34063297289
6.3411650402
5.77326141975
6.09442630132
6.34666900478
6.25824651097
6.68068139661

5.67999166989
5.75217481068
5.73767670504
5.75937348514
5.76218945866
5.76121875272
5.73928883772
5.74416519412
5.75343337258
5.76883208958
6.31535708535
5.74994042353
5.73167839791
5.75489231444
5.75147275101
5.74647734157
5.758014229
5.66507072376
5.75397642517
5.73173774731
5.74464200744
5.74941122577
5.7368991488
5.76961489621
5.75209511596
6.33028769009
6.33104537493
5.73843247948
5.75969858143
5.74918999446
5.75472460486
5.754017754
5.74234111652
5.74923231154
5.74434293864
5.7510287574
5.7449075118
5.7679317053
5.74984807517
5.75235796272
5.7419491548
5.75661158087
6.27996701208
5.74253424941
5.7506473642
5.67999166989
5.73579717719
5.76030758774
5.72917914841
5.76699766208

5.67718861789
5.67999166989
5.67999166989
5.75494678948
5.74273564767
5.75125954352
5.75258762653
5.74744132158
5.72206657699
5.7627901968
5.75671793749
5.7390152396
5.67999166989
5.74550409601
5.76965414666
5.67999166989
5.67171891608
5.75506883036
5.67999166989
5.74639552346
5.66348082916
5.67999166989
5.67999166989
5.67999166989
5.73381790375
5.67999166989
5.75561371029
5.67999166989
5.66893970627
5.73955483755
5.7535364916
5.6712010344
5.75216249917
5.67999166989
5.75071051946
5.74458422246
5.74276996516
5.67999166989
5.66893970627
5.66893970627
5.7415276704
5.74618584966
5.73414675061
5.67999166989
5.75052888961
5.7264417763
5.7744468927
5.74608936277
5.74485500788
5.67999166989

5.67323919123
5.66893970627
5.66893970627
5.66893970627
5.67332163947
5.67164689317
5.67671100301
5.67999166989
5.67999166989
5.67999166989
5.75843203108
5.66792379594
5.67999166989
5.67999166989
5.65850569357
5.67999166989
5.67474873548
5.67075888977
5.67999166989
5.65388455916
5.67999166989
5.6747653026
5.67999166989
5.65906189189
5.67536476184
5.67990945158
5.66893970627
5.66990344039
5.67999166989
5.66893970627
5.66893970627
5.67999166989
5.67999166989
5.7467598646
5.67339812636
5.67522224391
5.67999166989
5.67390248049
5.67999166989
5.65653588138
5.66320114668
5.67999166989
5.67999166989
5.76638741357
5.66893970627
5.67793018624
5.73581591955
5.66893970627
5.67999166989
5.67999166989

5.66002996106
5.66372099203
5.65984110812
5.65420594088
5.65382797414
5.66987092267
5.66893970627
5.66893970627
5.66893970627
5.66893970627
5.66919517677
5.67830650995
5.67999166989
5.6689416492
5.66775083925
5.67582581479
5.67999166989
5.67999166989
5.67999166989
5.66548927554
5.67999166989
5.67999166989
5.67552964131
5.66893970627
5.67999166989
5.66893970627
5.66378831286
5.66893970627
5.66131318033
5.66437304348
5.65930906946
5.66201882125
5.67999166989
5.67999166989
5.67999166989
5.66893970627
5.66893970627
5.65909374269
5.66435264221
5.67999166989
5.65821680463
5.66893970627
5.6675736768
5.66893970627
5.66893970627
5.66367856422
5.67241504395
5.66508885852
5.66510523314
5.66893970627

5.66234508294
5.65380322599
5.66340793773
5.66008586899
5.6618786461
5.66433886328
5.65717252408
5.66205620505
5.65778146192
5.6649698234
5.66893970627
5.66893970627
5.67999166989
5.66258291708
5.66893970627
5.66965353084
5.66004147598
5.66440673812
5.66893970627
5.65566344414
5.67231038034
5.66216709284
5.67454091581
5.67397323721
5.66203437514
5.67999166989
5.66893970627
5.66311181462
5.66019947614
5.66893970627
5.66114438931
5.66098117223
5.65789290375
5.66354976686
5.66383375888
5.66893970627
5.65741933581
5.66893970627
5.66008728777
5.66189227656
5.6665382302
5.66776215354
5.6686162027
5.65970907953
5.65763044574
5.67999166989
5.66602035009
5.66500810745
5.6624641807
5.66848522701

5.65921385254
5.66243006731
5.66472790977
5.66435506537
5.657457052
5.66244296756
5.66325656832
5.66030481572
5.66013600487
5.65874771536
5.66314414586
5.66384296638
5.66435506537
5.66182788047
5.6627593339
5.65890537444
5.66366761178
5.66318384764
5.66354166746
5.65453774708
5.65807011404
5.65905710835
5.65273495678
5.66373557777
5.65817920087
5.66313918298
5.67303780188
5.66321042001
5.66343048
5.66600646706
5.65963251152
5.65861559769
5.66435506537
5.65943658198
5.66565932155
5.66181017626
5.65837139755
5.64986566298
5.66620960346
5.66210514007
5.66067220821
5.66185724795
5.66457479591
5.66735700773
5.65707962922
5.66068735785
5.66394602454
5.66002464417
5.6667075353
5.65807489704

5.66339468149
5.66334989472
5.65723843539
5.66031745832
5.65760475544
5.6624695951
5.66303872998
5.65805590339
5.65414954324
5.6615937059
5.66020330131
5.66654189957
5.66078466362
5.65985021336
5.65907748809
5.66550469907
5.66148965153
5.66035394661
5.65638662136
5.66230437825
5.65394854218
5.66153695378
5.66054994782
5.66439548549
5.66813966332
5.66075382343
5.6618225825
5.65967515359
5.65885636728
5.65646887741
5.66430385978
5.66143775008
5.66589409862
5.66942146571
5.66603055729
5.66498427608
5.66084360786
5.6676368783
5.6575859111
5.66284541797
5.66048350201
5.65552859663
5.66345574015
5.66256676991
5.65745525227
5.66425260788
5.6625822219
5.66487683127
5.66266571929
5.66250582496

5.6656369048
5.66574317983
5.66644277885
5.66197967585
5.66307860987
5.66178535938
5.65952464399
5.66235213993
5.65729911774
5.66316089883
5.66392381294
5.65644011319
5.66742670443
5.65742143268
5.65976555326
5.66354551304
5.65760848106
5.66191740567
5.66083600717
5.65732994747
5.65564906816
5.66474321561
5.66861310557
5.66267258026
5.65658417803
5.6663212574
5.66415617739
5.66514098682
5.66175721182
5.65407306452
5.66096147842
5.66354299992
5.66237135381
5.65027686322
5.65678554612
5.66634784599
5.65586582959
5.6612358745
5.66309792375
5.6590417479
5.6638363772
5.65934667885
5.66008321486
5.66277702999
5.66385269087
5.6620301934
5.65712121079
5.66941089902
5.66251476086
5.65376639367

5.66403655543
5.6657063403
5.66600434916
5.65830536322
5.66383236224
5.6617904531
5.66426095788
5.6641502866
5.66686524587
5.65776408622
5.66079063913
5.66270971884
5.66844320256
5.65990699428
5.66123063499
5.66478580989
5.66409419204
5.65283748785
5.66094746847
5.66404794876
5.65951049244
5.66759970683
5.66203853511
5.6653973464
5.66791620778
5.66057505107
5.65208635339
5.66179231223
5.66936792216
5.66306315666
5.66403813797
5.66549223077
5.67323590434
5.66403511217
5.65835611883
5.66284649893
5.66980828014
5.66343580212
5.658863085
5.66646449577
5.66034230445
5.66072962916
5.65702021389
5.65525323952
5.65966657218
5.66912506636
5.65653913523
5.6594194184
5.66294991484
5.66273058385

5.66428520724
5.66878266338
5.66734388435
5.6617940409
5.66055722769
5.66278340476
5.6656354358
5.6629223112
5.6665166415
5.6583888407
5.66137375105
5.65571309675
5.66592535692
5.66790969604
5.66013617821
5.66837641835
5.65994567988
5.66229565673
5.65315665075
5.65611974314
5.6632734636
5.66008820682
5.65789587797
5.66399105699
5.66873900965
5.65353345687
5.66595141391
5.6607685901
5.660651469
5.66738341085
5.66532132936
5.6636397111
5.66945644389
5.66445719259
5.66088296935
5.66614785261
5.65768425847
5.66467375469
5.66565691168
5.66381432878
5.66449562194
5.66301362275
5.65918166765
5.66350754306
5.66973233333
5.66450204437
5.6627221936
5.65408502629
5.66256161023
5.65388388936

5.66126460493
5.67316772583
5.66166256536
5.66111873423
5.65894716235
5.65744319932
5.65828916304
5.66885242648
5.66388367573
5.66487022846
5.66035450926
5.66163091393
5.6696254917
5.65924414807
5.66735488204
5.66093346646
5.66320607699
5.66218211722
5.65920379315
5.65823842529
5.66369720056
5.65860839237
5.66897022226
5.65784012207
5.65686308116
5.65819323937
5.66274294937
5.65583284412
5.66572379417
5.6683129048
5.66037662269
5.6624183505
5.66963911101
5.66511250305
5.65834890882
5.66072809517
5.66412049824
5.65617838544
5.66881530999
5.65931507677
5.65767961437
5.66657218806
5.6563363516
5.66580711541
5.66030215149
5.66057570173
5.66228456757
5.6638943724
5.66698103482
5.66641237866

5.65982177948
5.66404733055
5.66103941308
5.65949259006
5.65622552016
5.65821673217
5.66481447038
5.66942487395
5.67033297909
5.65977713121
5.66018399371
5.65724286818
5.65502637778
5.65400866583
5.66281302653
5.65769022659
5.66523834696
5.6552040671
5.6608608468
5.66126439853
5.65818750804
5.66197592002
5.65933414786
5.66073795632
5.6605148997
5.66639896945
5.659749842
5.65642104173
5.66502000809
5.66641852724
5.66615655956
5.66702946291
5.66353063364
5.6686251725
5.66337192686
5.65660056929
5.66405357939
5.66317367945
5.65600812882
5.66086201949
5.65954494683
5.66663035627
5.66602478826
5.65974818297
5.66729110001
5.66080621713
5.66360822404
5.6630376549
5.65760012767
5.66345654892

5.65702504108
5.66020839474
5.66094947397
5.65363280663
5.66368229789
5.65714503871
5.66317707373
5.6586842992
5.66286870652
5.66352037115
5.66843038946
5.66692610816
5.6624940456
5.65904954516
5.65320916281
5.65943697097
5.66592416709
5.66378456356
5.66324561575
5.66943668495
5.66454764287
5.66688261112
5.65818805629
5.65219887291
5.66408665208
5.6552717219
5.666273651
5.67087036447
5.65853211048
5.66159578753
5.65824085342
5.65977509326
5.65951667505
5.66354802793
5.6593009702
5.66093905385
5.66340356847
5.66352823079
5.656835193
5.66367781593
5.65736888764
5.66799968368
5.65946115608
5.65760640653
5.6618871913
5.66325437425
5.66188955817
5.65630853291
5.65848237424
5.65737832732

5.66520445116
5.66129244183
5.6630792949
5.65736800263
5.66172384465
5.66296393837
5.66702541141
5.65995812966
5.66192901241
5.65411542593
5.66712519373
5.65843189051
5.65919371759
5.66141324936
5.66479895143
5.66482737133
5.66069597131
5.65992782356
5.65951145756
5.66930937588
5.65854840043
5.66321236677
5.66888372888
5.66242463275
5.65130908788
5.65843677722
5.65312929824
5.66052215242
5.65457549487
5.65899725625
5.6602594158
5.65602726308
5.66759933097
5.65996480568
5.66666860128
5.65633204306
5.65691521705
5.66375860081
5.65536361037
5.66505793309
5.66635607021
5.66153020126
5.66213724246
5.66614253164
5.66211732154
5.66242910482
5.66091876878
5.66015415374
5.66910999133
5.65698485058

5.65986049126
5.66152893522
5.65561758598
5.66272547207
5.66794211849
5.65457243962
5.66496389089
5.65902472594
5.66462916099
5.66049245193
5.67283507874
5.66295281029
5.66207925214
5.66053244546
5.66072009499
5.65721652244
5.65862454331
5.66950260134
5.66266723208
5.66274613112
5.66695106624
5.66357889531
5.66093343009
5.66238386446
5.66142329329
5.66200455356
5.65757644857
5.66231070365
5.66832604836
5.66318239703
5.65881689158
5.66295835678
5.65832916917
5.65864572493
5.669385239
5.65438726079
5.66175449427
5.65843270851
5.66274643038
5.66175373748
5.65892633894
5.66028247063
5.65540799573
5.65845308267
5.65944767888
5.65919890672
5.65592011865
5.66545418895
5.66232315098
5.66405154984

5.66224880952
5.66497626792
5.66571349236
5.66634623801
5.66318179694
5.66156952042
5.65799428438
5.65850868497
5.66308905298
5.65903029024
5.66475041336
5.66170624766
5.65821482813
5.66228798485
5.66747607247
5.66111490505
5.65611439205
5.66148182699
5.66149909654
5.66250040156
5.66313364203
5.66020327784
5.66149555146
5.66056608242
5.66252766585
5.66026247185
5.66441463862
5.66412284604
5.6678322729
5.66540893339
5.66543858096
5.66261502029
5.66083734095
5.65846448909
5.65854653929
5.65797246711
5.66252933637
5.6628962618
5.65956141496
5.66220388209
5.65858191828
5.6645851704
5.66370832026
5.6535087931
5.66323071322
5.66051966252
5.66043002945
5.66625729795
5.65781775226
5.65922869462

5.6667896082
5.6662778425
5.65801841543
5.65993569671
5.66028458711
5.66290235212
5.66779629276
5.6668864089
5.66552992149
5.65818962318
5.65938147356
5.65695615271
5.66452831459
5.66424541873
5.65903559335
5.65965701754
5.66416220053
5.6621590294
5.65669541285
5.66138055631
5.66493243962
5.65738320526
5.65711961262
5.66100117253
5.66199825847
5.65929003184
5.66403829377
5.66001846762
5.66149561218
5.66049648628
5.66530535879
5.66039835402
5.66308970217
5.6689705334
5.65449528499
5.66698199097
5.6627090918
5.6579813845
5.66154114352
5.65758727711
5.65409746656
5.65982402868
5.66113649374
5.6625505553
5.65782296661
5.66216598456
5.66740990152
5.65989897737
5.66529382273
5.66352170521

5.65725367572
5.6535772155
5.66660745533
5.6703199246
5.67020527961
5.66042451881
5.66616064034
5.65200632902
5.65938570717
5.66023962324
5.65808061171
5.66487221606
5.66810437297
5.66142999939
5.66360849726
5.66027342988
5.66364323389
5.66554468556
5.65994750566
5.65899123011
5.6639573681
5.65801096015
5.6655702101
5.66395927046
5.65717740629
5.66143540275
5.65675041027
5.66431408439
5.66216194714
5.65655352171
5.65847840316
5.66320874974
5.66342888582
5.65916458381
5.65861393684
5.65995109665
5.65779334929
5.66158223253
5.65991763538
5.65771855139
5.66381487954
5.66416446163
5.65923876633
5.65633511721
5.65910966717
5.66389008537
5.66227776271
5.65961873996
5.65657227786
5.666716545

5.66603117425
5.65717968984
5.65745964874
5.65452765804
5.65664165101
5.65415329778
5.66554510576
5.66391477907
5.66285648401
5.65925239069
5.66729194522
5.66215047406
5.66212971271
5.66319965424
5.6580435895
5.66457999702
5.66007218861
5.65917319875
5.6594450686
5.6596253633
5.65188812499
5.66265937015
5.66325842381
5.66396500569
5.66303575019
5.65895521385
5.66304489375
5.66188984288
5.66707268963
5.65163192834
5.66257154106
5.66332801865
5.66157407722
5.6627350504
5.6659901648
5.66037516927
5.65924005198
5.65980838192
5.66073505518
5.65884662023
5.65660316874
5.66417806875
5.6668032533
5.66344653599
5.66074100546
5.66234849334
5.65830737281
5.66572856127
5.66583998425
5.66435738705

5.66110374635
5.65558324211
5.65547711144
5.66192753863
5.65650435849
5.66233732677
5.6625765532
5.65735991791
5.66828625888
5.65866704374
5.66225963701
5.65621129052
5.6569347977
5.66284322512
5.66793821265
5.66238669476
5.66253104599
5.6638726588
5.663108563
5.65252273336
5.66027740379
5.66481105868
5.66147061163
5.66218180831
5.66261690642
5.65976564492
5.66780968974
5.66710408554
5.66189402435
5.66663546363
5.66400749058
5.66452649567
5.65463064021
5.66149430773
5.66160677742
5.66348030414
5.66077227196
5.66443298546
5.65462834662
5.65811215533
5.66421384611
5.66913650387
5.66273480518
5.66210453992
5.65741481482
5.65833919236
5.6619646535
5.65843799046
5.66367802969
5.66940323544

5.65854840683
5.66704793121
5.66144573936
5.66183140433
5.65877716732
5.6566898704
5.65989537906
5.65646922415
5.6646691434
5.65554216492
5.65981886341
5.65941637308
5.66267195375
5.660332259
5.66756679696
5.66584250001
5.6553312826
5.66563035391
5.65915334559
5.66760668262
5.65994214066
5.65780147741
5.65851388706
5.6645731105
5.65989062494
5.65828361707
5.65635598362
5.66709294252
5.65953761578
5.66104906516
5.66439667085
5.67141890164
5.65832054866
5.66823140275
5.65826156714
5.66611875269
5.65723774921
5.66039405477
5.66261077571
5.66930649068
5.65924769371
5.66219770432
5.6596631522
5.65730066611
5.66378052
5.66027889816
5.65838053381
5.66484011932
5.66190059708
5.66399495575

5.65208483
5.66126306793
5.65963234349
5.66644136243
5.66090688787
5.66385370745
5.67054910673
5.65868087797
5.66654033022
5.67084487978
5.65871638228
5.66067859869
5.66006269565
5.6641900344
5.65666524653
5.66272907742
5.66534399153
5.65607335164
5.65915638334
5.66699598172
5.66912687632
5.65991254142
5.65595194638
5.66591640114
5.65828273372
5.66855447811
5.66735456824
5.65821461676
5.65751231914
5.65766308195
5.6587114321
5.65890759744
5.6572908059
5.6667575589
5.66248626182
5.66347392531
5.66496171409
5.66176220309
5.65963187356
5.66421776443
5.65714696747
5.66036473599
5.66229876968
5.67007720831
5.66188926121
5.66450351077
5.659286367
5.66504157893
5.66940942129
5.6629411658

5.66478012933
5.67309005903
5.66061171297
5.65548611323
5.6666181558
5.65853603697
5.66142266458
5.6642990615
5.65917762801
5.66179985097
5.65929895228
5.66668691432
5.66396585952
5.6691423026
5.66144384733
5.66038100363
5.6632291078
5.66413755696
5.66223868849
5.66202041081
5.65599911865
5.65894571088
5.65923966994
5.66081409093
5.66637837804
5.66277753264
5.66072209126
5.66465161264
5.65566246863
5.65816561225
5.66163668246
5.66765600077
5.66895133337
5.65896389774
5.66036201417
5.65924422909
5.66038511467
5.65875357796
5.66071187968
5.65917153418
5.6637108145
5.6660405527
5.6548361097
5.66152072228
5.65881769888
5.66214658622
5.6578795291
5.66874719886
5.66128867386
5.65711305929

5.66440065335
5.6608719765
5.65946214411
5.65617168615
5.66299792566
5.66795776605
5.66158830171
5.66069999329
5.66452664179
5.66906978987
5.66258689013
5.65950034503
5.65890604658
5.65820214936
5.65948284623
5.6602395637
5.6519150929
5.65769242849
5.65653940361
5.66532093884
5.65548313512
5.66579387201
5.65957097042
5.66175081469
5.65815275167
5.65887856529
5.65228802541
5.6646773903
5.65835985509
5.65517224032
5.65846021705
5.65942317992
5.67186927323
5.65798918265
5.66505818748
5.6606245106
5.6666319117
5.66365310469
5.66137075393
5.66280702281
5.65419280366
5.66852558937
5.66617262728
5.66044881866
5.65655221984
5.666053891
5.66022912644
5.66114756904
5.65918570057
5.65844248175

5.65515694219
5.66257922812
5.65822080302
5.66368903956
5.65966202299
5.6593100666
5.66348644461
5.66164211088
5.66021764558
5.66585193029
5.66404158625
5.65606559858
5.66648641027
5.66016515318
5.65862637762
5.6606438198
5.65630573199
5.66213196853
5.66400805374
5.658106771
5.66465569028
5.66539915375
5.65631329243
5.66238529075
5.66446008517
5.66369469279
5.66071828281
5.66758436912
5.66783322804
5.66567069208
5.66865086383
5.66381479337
5.67002128759
5.65411744618
5.65679337064
5.65590810771
5.65959980511
5.65813719549
5.66504314052
5.65680874205
5.65903173024
5.66061516955
5.65806490776
5.667940169
5.66026300901
5.65897659656
5.66441506184
5.66535818191
5.66690258693
5.65856571504

5.66812847863
5.66152882407
5.66130979345
5.65851434451
5.66281687899
5.6621383102
5.65769906368
5.66788365206
5.66341541553
5.66395516997
5.66326163805
5.6582065071
5.66819427456
5.6637982967
5.66144606861
5.65863284139
5.66068520192
5.65902235285
5.66247051401
5.66231648529
5.65588425836
5.65587295495
5.66025356308
5.66037131579
5.66544739345
5.65884355582
5.65557131373
5.66794428468
5.65590039512
5.65922939272
5.66270622484
5.65882026725
5.66156428797
5.6629989916
5.65597722392
5.66577264135
5.66048066264
5.66146415691
5.66840681025
5.66177056369
5.65641803698
5.66072511426
5.66361934516
5.66837924166
5.65986797777
5.66347063841
5.65837275198
5.65807100336
5.6592818815
5.65907594029

5.65447810373
5.66409571041
5.65490772693
5.66157240487
5.66900318822
5.66030802293
5.66432937083
5.6587642057
5.65324253975
5.6594677511
5.65637496535
5.65645992015
5.66398188418
5.66016840262
5.66248982155
5.65626932545
5.65450447825
5.65964231106
5.65551498995
5.66126832344
5.65917287062
5.66978781108
5.66827621314
5.65941843758
5.65738215662
5.66312660509
5.66516894769
5.65701474758
5.65798858995
5.66177030677
5.65876755631
5.66206697252
5.6635760709
5.66494146224
5.67124391373
5.65934776685
5.66166795074
5.66700181016
5.66580858804
5.66592058423
5.66116365025
5.6530683069
5.66448575883
5.67041013575
5.66598343214
5.65507435225
5.66891150245
5.65992651757
5.66397129887
5.66036952344

5.65584528266
5.6587941896
5.66252840193
5.66154153609
5.65876040641
5.66273918352
5.65643517736
5.65666733472
5.66779592394
5.65901098681
5.66242442047
5.66106071327
5.66143764662
5.66883224844
5.66377378253
5.66116843704
5.66466058187
5.66030338315
5.66049639707
5.66161459235
5.6634263527
5.66285713538
5.66195289377
5.65715427313
5.66051699501
5.66587870708
5.66181026367
5.65485834669
5.65677364315
5.66397908486
5.6634352979
5.66748201896
5.65537223445
5.66026745805
5.66404347527
5.66341861936
5.6592239439
5.65783906954
5.65450402357
5.6623787746
5.66100537215
5.66051421928
5.66356935442
5.65983418795
5.65966393412
5.65788204566
5.66498533654
5.65886817351
5.66241974523
5.66766866718

5.66210207063
5.65982323654
5.66397988167
5.66466807407
5.66425796251
5.66577344651
5.66516194305
5.6621104142
5.66438298685
5.65865054692
5.66781509495
5.65850470918
5.6553881815
5.66379055143
5.66050448719
5.66115989072
5.65668859289
5.65814404675
5.65726687194
5.65574463331
5.6576481002
5.66975744876
5.66830751576
5.65740164066
5.66120288682
5.6593734724
5.6630810163
5.66451565841
5.65755854335
5.66174381244
5.66537683804
5.65696114442
5.66247981232
5.66226173005
5.66543688827
5.66012817266
5.66095381043
5.66121846764
5.65970481919
5.65858859985
5.65476851879
5.66978442331
5.66086172204
5.66497783732
5.66329708493
5.66531029776
5.6600267556
5.66444172801
5.66824727106
5.66762683202

5.65781864746
5.65918115884
5.66856046119
5.6562581369
5.66385870971
5.66041796119
6.04094838083
5.66451571432
5.6593972348
5.66377680189
5.66144052136
5.66035892546
6.03275591717
5.65921219857
5.66415570456
5.65769632164
5.66164529853
5.6596549755
5.66226767198
5.66414123026
5.6574335228
5.65692411194
5.66227039477
6.04101583118
6.03653967982
5.65688781327
5.66202427671
5.66136507811
5.66169372647
5.65564689679
5.66246581715
5.65808132671
5.66369466032
5.65343618107
5.66265360657
5.66631033344
5.6585491328
6.04139670399
5.6679515284
5.66310331303
6.02922855823
5.66066074479
5.66456070416
5.65839818761
5.66109155302
5.66474298298
5.66160432207
5.66112626109
5.66300673804
5.65484598752

5.66519411804
5.66599365687
5.66085668068
5.6693986129
5.65637920709
5.66089065603
5.66530517862
5.66491912082
5.6565947887
5.66114152313
5.66517405893
5.66387471298
5.66207123529
5.66340419294
5.66738296407
5.66604362645
5.66518985489
5.65775470911
5.66206129884
5.66681123272
5.65998622735
5.66877272248
5.66597527595
5.66491326738
5.65910501935
5.65864808948
5.66304422482
5.66814544487
5.66452834521
5.66894343896
5.65882104633
5.66079834496
5.6577479299
5.66127595557
5.66091886131
5.66674410219
5.66236184665
5.6609791923
5.67011128588
5.65979219729
5.66198031909
5.65764140117
5.66572469932
5.65559126874
5.65572436564
5.65895461135
5.65715903023
5.65816718409
5.65667774491
5.6620932924

5.65837930543
5.65840936456
5.65835788059
5.65944756791
5.65559279986
5.66531398331
5.66240401553
5.656047568
5.66360481097
5.66294519971
5.65977474048
5.65925987619
5.66450757982
5.66362941202
5.65582831698
5.65904063505
5.66454794655
5.66205443413
5.65923489933
5.66158665232
5.65572194043
5.65997751708
5.6557406437
5.65928454308
5.65861266447
5.66529462221
5.66130123691
5.65649591104
5.6623238601
5.66046983744
5.66139903389
5.65855674073
5.65814195674
5.64987460824
5.66577845645
5.66274343004
5.66581802201
5.66673553073
5.65961849714
5.65945894253
5.65669072145
5.66310727654
5.663169728
5.65741194569
5.66404580849
5.66715278581
5.6628310077
5.65979622768
5.66013676997
5.67061963916

5.66335794579
5.65888956609
5.66217747028
5.66500240605
5.66333870974
5.66545663991
5.66267036388
5.65965647202
5.66273622506
5.65504223629
5.66182296775
5.66607609782
5.66597627746
5.66238167537
5.65740364778
5.66029135526
5.65872943679
5.66546177564
5.66515196249
5.66468083365
5.65968532754
5.66098976411
5.66158402098
5.66039720015
5.6625639675
5.66171200842
5.66339877544
5.66478520623
5.65658648215
5.66416270264
5.65751487796
5.66044581985
5.66295456017
5.66671341396
5.65782765074
5.66391679553
5.65406377487
5.66607062008
5.65720406854
5.66111634043
5.65819332798
5.65884864236
5.65906335269
5.6549531403
5.66452027707
5.65764596089
5.66674191507
5.66215174443
5.65760021923
5.66770986177

5.66291958647
5.65672884647
5.66375271471
5.66099402933
5.65634818142
5.66144535966
5.65685316414
5.66422841184
5.65968685642
5.6651212876
5.66687963518
5.66258462357
5.66181295266
5.66326345972
5.65925976135
5.66137693154
5.66427135887
5.66334291158
5.65612837736
5.66445411309
5.66516566095
5.65593247631
5.66137877687
5.66282817246
5.66805073827
5.66764347904
5.65987948367
5.6587375561
5.65992590186
5.6603870078
5.66126805738
5.65873974444
5.66432535553
5.66060066934
5.66000407173
5.66115121004
5.66372117034
5.65904945436
5.66031194891
5.65945779523
5.66424871644
5.66148615534
5.65591758051
5.66470115859
5.66265700379
5.65800024103
5.66381185031
5.6627885549
5.6628447698
5.66593683427

5.6540025081
5.65990036173
5.65943835933
5.66547737987
5.66560982529
5.6658496056
5.65913700267
5.66215624624
5.66355512117
5.65812039149
5.65911437116
5.65790572766
5.66017171803
5.66611889619
5.65497801895
5.6571052918
5.66254702169
5.6600257421
5.66419400123
5.66875885064
5.66672200653
5.66131863002
5.66078045211
5.66724362858
5.66255790534
5.6623865787
5.66433742021
5.65455659571
5.66100441658
5.66201356545
5.65298075967
5.66444639068
5.65511567153
5.66344306106
5.65794775802
5.66151245154
5.66068311233
5.65993501908
5.65640312068
5.65940628372
5.66255340042
5.66115890671
5.66299573669
5.6529456926
5.66099060686
5.66910372391
5.65834430891
5.65738940724
5.65967362084
5.65809309551

5.66070211463
5.66048593213
5.65830758268
5.66694823916
5.6578378038
5.66461763863
5.6609456323
5.6648204689
5.66356000957
5.66571856094
5.66416259298
5.66326014447
5.65737010713
5.66502298758
5.67098529852
5.66455654253
5.67043903102
5.65912440853
5.66959690934
5.66657299711
5.66342423996
5.65967803377
5.66010040497
5.66747504667
5.66101621618
5.66193373835
5.667893952
5.66553535548
5.66295181818
5.66107523181
5.66002384017
5.66511739942
5.65638683408
5.66301213707
5.66240373099
5.66180362285
5.66149383344
5.65882272561
5.66322273227
5.66374625251
5.6629415505
5.66025307123
5.65938274641
5.65970691412
5.66098471305
5.66202715441
5.66357018878
5.6598244717
5.65886508294
5.66786839187

