2403.25939135
2313.28281455
2307.94137177
2976.60057838
3124.33838139
13651.8936586
13646.0391867
13617.7906967
3060.59102918
2933.77598921
2012.10192749
2034.62315224
2227.25829576
2078.44910936
2709.68498019
2566.46148713
3096.37344569
2783.87461984
2937.80569394
3137.75689767
3406.32490465
3361.77901305
2852.71264318
3588.18220905
3318.10760256
3770.51098684
2585.29441313
2798.37735898
3224.71936281
2881.40664024
5335.85018204
5328.81150827
5347.80106213
2848.75639482
3477.1903131
3615.19330459
3542.43646567
3395.56599731
3749.88792024
3613.3755712
3173.54507705
3326.99383606
3211.9689216
3029.6883032
3216.27845931
3256.70556858
3727.34075314
6483.32394695
6236.29088065
6274.43812517
3939.63832579
3341.06672439
3173.34419452
2972.3083211
3217.18280756
3259.59569253
3094.90371447
3210.09039246
4190.85591872
3626.42171813
3195.53548239
3198.29852983
3308.82531876
3113.88618483
4550.71874387
4525.52584523
4120.67802623
2877.86819222
3010.10040844
2928.60486134
2495.97920998
3312.41084363
3309.51113093
3203.12323911
2355.90425888
3012.27725064
2951.50088847
2953.62698896
2723.16178863
2088.5117868
2455.11122107
2464.60858829
2478.94637231
2038.81244701
2049.43491685
1825.92737045
1756.03295751
2135.79573462
2571.31252453
13873.6656492
13926.7104989
13920.7989525
2589.62016824
2222.07799876
1939.87391201
2030.9629231
1959.72717817
2056.99749267
2260.95378328
2570.00470424
2700.85472423
2796.89485116
3015.29616465
3219.54677745
3451.20993336
3480.57440256
2404.92279172
2502.25393521
3692.87498736
3704.51153796
3831.89341026
2701.43914862
2849.94517034
2917.04944908
3206.12790837
2838.51864763
2724.96608403
5751.42368763
5877.82333013
5425.497614
3043.83787677
3219.17110834
3391.76182478
3213.88285124
2993.02531135
4009.58537462
4213.70413768
3125.60792823
3595.68052319
3856.8405195
3481.97084977
3711.99731502
3582.8447207
3321.3385967
3277.41974903
3619.18929578
4175.54226482
6933.71209185
6782.12672568
6784.29412211
4193.42940441
3727.43130895
3548.41414186
3426.23215928
3647.12467003
3913.99438351
3537.84461284
3953.40732813
3767.74394614
3182.15167718
4306.97152499
4591.29518847
4147.62400095
3338.62795903
3590.68137291
3412.31389399
3330.44392998
5446.0923842
6594.43911232
5813.23406616
3062.76493433
3125.42468506
3145.52863254
3523.54932977
3319.29164624
2601.46164087
4050.80553625
3313.83283667
3741.43822306
2401.58820895
2739.10680686
3635.94149789
3385.17074454
3140.0970999
2977.39211416
2964.43248153
3248.0711477
2508.13550513
2421.99737929
2486.65193557
2353.70190377
2300.38995565
2262.02459601
2872.1091309
3127.02863291
13651.851018
13645.7999413
13617.3543077
3044.26492833
2884.29350034
1969.86883304
2057.33972065
2168.24477537
2097.02535173
2696.20507787
2574.90345248
3047.63616307
2798.15566822
2924.66277084
3138.1003293
3407.54813072
3358.37491117
2855.63693622
3597.76439922
3328.21490013
3777.33003742
2599.97371666
2806.1450759
3230.48676537
2616.02467339
5338.52193026
5331.99102032
5349.95772644
2879.70188569
3477.56721984
3617.29553381
3545.93063518
3398.63482888
3752.93024469
3618.12874803
3180.74968455
3319.89354989
3222.49365272
3032.62098225
3217.48302109
3256.55071834
3723.93442687
6487.14873824
6246.75484764
6277.19487712
3943.03292184
3344.44207783
3139.28588691
2976.84802384
3223.74120314
3261.64937757
3101.02085188
3212.73295159
4192.72348349
3632.05496825
3200.61853059
3198.38924295
3011.91384483
2816.57152174
4555.10898838
4530.09800259
4124.82302324
2878.73317265
3011.87138953
2932.27748333
2499.46033127
3315.38539529
3314.96062554
3207.07611372
2358.62039609
3012.70237576
3053.67780616
2956.80111545
2725.5132794
2094.13988236
2458.23702441
2466.93908005
2480.75607387
1971.18442985
2052.0680806
1829.09731909
1758.75024094
2137.19025326
2569.44995372
13873.0191159
13926.3244337
13920.6173106
2591.48762514
2223.14539453
1941.80888157
2033.53337314
1962.20598981
2059.57914571
2263.12694378
2571.42624421
2705.37155271
2800.95579701
3017.48370505
3222.66230499
3454.00542398
3481.92472053
2409.81960544
2432.07648415
3699.13805261
3710.04932253
3836.50791364
2702.47784976
2853.89951204
2916.99200345
3398.9037945
2842.03976575
2704.17012788
5751.22681695
5877.65924368
5427.58187255
3046.58534245
3222.5814736
3392.46591478
3207.66930465
2997.66068299
4012.57710692
4458.85596094
3132.62208587
3597.34611705
3857.61073772
3486.94581523
3715.20598476
3588.8193941
3330.16496329
3279.80369582
3621.98123615
4176.50598991
6938.62295313
6781.18824902
6789.07623266
4193.99439729
3730.68347881
3552.29473043
3433.4222841
3656.09795084
3916.79133204
3588.0493245
3958.28253301
3772.83983669
3185.83438871
4311.17759695
4594.24273732
4108.14680366
3347.52699193
3591.98684467
3417.26097053
3332.51545345
5541.53640021
6597.29550481
5818.98856284
3067.78910986
3133.85366722
3150.13328712
3745.12613685
3399.65490186
2612.52564522
4056.56619185
3326.63895624
3757.06116534
2407.29709751
2750.60068087
3635.1654595
3390.89659612
3150.12696764
3125.39671076
2977.67945907
3214.61421748
2515.1981574
2461.68298808
2500.50250214

Process finished with exit code 0
