2012284.08255
2012284.05932
2012283.98947
2012296.05338
2012300.13125
4010243.78876
12002048.8265
12002046.5681
14000000.0
14000000.0
14000000.0
14000000.0
14000000.0
14000000.0
14000000.0
14000000.0
14000000.0
14000000.0
14000000.0
14000000.0
14000000.0
14000000.0
14000000.0
14000000.0
14000000.0
14000000.0
14000000.0
14000000.0
14000000.0
14000000.0
14000000.0
14000000.0
14000000.0
14000000.0
14000000.0
14000000.0
14000000.0
14000000.0
14000000.0
14000000.0
14000000.0
14000000.0
14000000.0
14000000.0
14000000.0
14000000.0
14000000.0
14000000.0
14000000.0
14000000.0
14000000.0
14000000.0
14000000.0
14000000.0
14000000.0
14000000.0
14000000.0
14000000.0
14000000.0
14000000.0
14000000.0
14000000.0
14000000.0
14000000.0
14000000.0
14000000.0
14000000.0
14000000.0
14000000.0
14000000.0
14000000.0
14000000.0
14000000.0
14000000.0
14000000.0
14000000.0
14000000.0
14000000.0
14000000.0
14000000.0
14000000.0
14000000.0
14000000.0
14000000.0
14000000.0
14000000.0
14000000.0
14000000.0
14000000.0
14000000.0
14000000.0
14000000.0
14000000.0
14000000.0
14000000.0
14000000.0
14000000.0
14000000.0
14000000.0
14000000.0
14000000.0
14000000.0
14000000.0
14000000.0
14000000.0
14000000.0
14000000.0
14000000.0
14000000.0
14000000.0
14000000.0
14000000.0
14000000.0
14000000.0
14000000.0
14000000.0
14000000.0
14000000.0
14000000.0
14000000.0
14000000.0
14000000.0
14000000.0
14000000.0
14000000.0
14000000.0
14000000.0
14000000.0
14000000.0
14000000.0
14000000.0
14000000.0
14000000.0
14000000.0
14000000.0
14000000.0
14000000.0
14000000.0
14000000.0
14000000.0
14000000.0
14000000.0
14000000.0
14000000.0
14000000.0
14000000.0
14000000.0
14000000.0
14000000.0
14000000.0
14000000.0
14000000.0
14000000.0
14000000.0
14000000.0
14000000.0
14000000.0
14000000.0
14000000.0
14000000.0
14000000.0
14000000.0
14000000.0
14000000.0
14000000.0
14000000.0
14000000.0
14000000.0
14000000.0
14000000.0
14000000.0
14000000.0
14000000.0
12002046.3513
10004095.7609
4010242.97334
2012299.8881
2012294.87675
2012282.07928
2012282.1525
2012282.17686
2012282.1525
2012282.07928
2012294.87675
2012299.8881
4010242.97334
10004095.7609
12002046.3513
14000000.0
14000000.0
14000000.0
14000000.0
14000000.0
14000000.0
14000000.0
14000000.0
14000000.0
14000000.0
14000000.0
14000000.0
14000000.0
14000000.0
14000000.0
14000000.0
14000000.0
14000000.0
14000000.0
14000000.0
14000000.0
14000000.0
14000000.0
14000000.0
14000000.0
14000000.0
14000000.0
14000000.0
14000000.0
14000000.0
14000000.0
14000000.0
14000000.0
14000000.0
14000000.0
14000000.0
14000000.0
14000000.0
14000000.0
14000000.0
14000000.0
14000000.0
14000000.0
14000000.0
14000000.0
14000000.0
14000000.0
14000000.0
14000000.0
14000000.0
14000000.0
14000000.0
14000000.0
14000000.0
14000000.0
14000000.0
14000000.0
14000000.0
14000000.0
14000000.0
14000000.0
14000000.0
14000000.0
14000000.0
14000000.0
14000000.0
14000000.0
14000000.0
14000000.0
14000000.0
14000000.0
14000000.0
14000000.0
14000000.0
14000000.0
14000000.0
14000000.0
14000000.0
14000000.0
14000000.0
14000000.0
14000000.0
14000000.0
14000000.0
14000000.0
14000000.0
14000000.0
14000000.0
14000000.0
14000000.0
14000000.0
14000000.0
14000000.0
14000000.0
14000000.0
14000000.0
14000000.0
14000000.0
14000000.0
14000000.0
14000000.0
14000000.0
14000000.0
14000000.0
14000000.0
14000000.0
14000000.0
14000000.0
14000000.0
14000000.0
14000000.0
14000000.0
14000000.0
14000000.0
14000000.0
14000000.0
14000000.0
14000000.0
14000000.0
14000000.0
14000000.0
14000000.0
14000000.0
14000000.0
14000000.0
14000000.0
14000000.0
14000000.0
14000000.0
14000000.0
14000000.0
14000000.0
14000000.0
14000000.0
14000000.0
14000000.0
14000000.0
14000000.0
14000000.0
14000000.0
14000000.0
14000000.0
14000000.0
14000000.0
14000000.0
14000000.0
14000000.0
14000000.0
14000000.0
14000000.0
14000000.0
14000000.0
14000000.0
14000000.0
14000000.0
14000000.0
14000000.0
14000000.0
14000000.0
14000000.0
14000000.0
14000000.0
14000000.0
14000000.0
14000000.0
12002046.5681
12002048.8265
4010243.78876
2012300.13125
2012296.05338
2012283.98947
2012284.05932

Process finished with exit code 0
