2663.78648053
2663.58495173
2662.98038987
2661.97286847
2660.56250978
2658.74948436
2656.53401039
2653.91635277
2650.89682186
2647.47577186
2643.65359861
2639.43073695
2634.80765714
2629.78486058
2624.36287429
2618.54224418
2612.32352673
2605.70727876
2598.69404507
2591.2843433
2583.47864576
2575.2773575
2566.68079
2557.68912961
2548.30239989
2538.52041675
2528.34273485
2517.76858403
2506.79679355
2495.42570218
2483.6530513
2471.47585783
2458.89026308
2445.89135289
2432.4729432
2418.62732409
2404.34495375
2389.61409168
2374.42035791
2358.74620194
2342.57026061
2325.86657891
2308.60366044
2290.74330504
2272.23917848
2253.03504242
2233.06255013
2212.23848228
2190.46125367
2167.60646076
2143.52115236
2118.01637923
2090.85739032
2061.75056075
2030.32570046
1996.11170426
1958.50238722
1916.70748115
1869.68052914
1816.00956902
1753.74542823
1680.12028533
1591.06164788
1480.29623587
1534.46407805
1597.68121509
1639.07249383
1575.70643005
1478.77551091
1428.80087493
1369.00917633
1465.03891556
1404.56981534
1329.83808165
1363.87370936
1324.3284255
1275.68257836
1213.61684844
1131.26323586
1170.24703858
1163.3412486
1081.91760949
1025.14051855
1058.13627106
980.804956869
969.241250156
896.066038287
872.695468054
883.479179749
5898.86807704
5898.86807704
5898.86807704
885.068479228
867.607647194
890.142160079
963.80342147
967.908699372
1046.78588038
1025.37034245
1080.91569833
1118.5526332
1213.08724853
1281.42895438
1218.52481486
1278.97733151
1326.5660458
1269.57845446
1359.39510466
1429.53320059
1486.50361302
1360.72802782
1409.93010891
1504.53739327
1580.21768402
1642.64166708
1695.46936963
1741.16594756
1653.15867378
1703.82982987
1657.17461432
1735.09698895
1800.64452541
1856.8724306
1905.92131998
1949.33556344
1988.25593808
2023.5415132
2055.84964477
2085.69011794
2113.46276437
2139.48419311
2164.00716043
2187.23484792
2209.33154707
2230.43076251
2250.64143104
2270.05274575
2288.73793415
2306.75724263
2324.16031243
2340.98808445
2357.27433618
2373.04692881
2388.32882451
2403.13892011
2417.49273326
2431.40296915
2444.87999041
2457.93220764
2470.56640502
2482.78801233
2494.6013326
2506.0097331
2517.01580555
2527.62150085
2537.82824233
2547.63702108
2557.04847608
2566.06296168
2574.68060425
2582.90134985
2590.72500413
2598.15126583
2605.1797547
2611.81003491
2618.0416344
2623.87406098
2629.30681564
2634.33940351
2638.97134278
2643.20217205
2647.03145624
2650.45879135
2653.4838083
2656.10617591
2658.32560334
2660.14184187
2661.55468636
2662.56397626
2663.16959641
2663.3714775
2663.16959641
2662.56397626
2661.55468636
2660.14184187
2658.32560334
2656.10617591
2653.4838083
2650.45879135
2647.03145624
2643.20217205
2638.97134278
2634.33940351
2629.30681564
2623.87406098
2618.0416344
2611.81003491
2605.1797547
2598.15126583
2590.72500413
2582.90134985
2574.68060425
2566.06296168
2557.04847608
2547.63702108
2537.82824233
2527.62150085
2517.01580555
2506.0097331
2494.6013326
2482.78801233
2470.56640502
2457.93220764
2444.87999041
2431.40296915
2417.49273326
2403.13892011
2388.32882451
2373.04692881
2357.27433618
2340.98808445
2324.16031243
2306.75724263
2288.73793415
2270.05274575
2250.64143104
2230.43076251
2209.33154707
2187.23484792
2164.00716043
2139.48419311
2113.46276437
2085.69011794
2055.84964477
2023.5415132
1988.25593808
1949.33556344
1905.92131998
1856.8724306
1800.64452541
1735.09698895
1657.17461432
1703.82982987
1653.15867378
1741.16594756
1695.46936963
1642.64166708
1580.21768402
1504.53739327
1409.93010891
1360.72802782
1486.50361302
1429.53320059
1359.39510466
1269.57845446
1326.5660458
1278.97733151
1218.52481486
1281.42895438
1213.08724853
1118.5526332
1080.91569833
1025.37034245
1046.78588038
967.908699372
963.80342147
890.142160079
867.607647194
885.068479228
5898.86807704
5898.86807704
5898.86807704
883.479179749
872.695468054
896.066038287
969.241250156
980.80495687
1058.13627106
1025.14051855
1081.91760949
1163.3412486
1170.24703858
1131.26323586
1213.61684844
1275.68257836
1324.3284255
1363.87370936
1329.83808165
1404.56981534
1465.03891556
1369.00917633
1428.80087493
1478.77551091
1575.70643005
1639.07249383
1597.68121509
1534.46407805
1480.29623587
1591.06164788
1680.12028533
1753.74542823
1816.00956902
1869.68052914
1916.70748115
1958.50238722
1996.11170426
2030.32570046
2061.75056075
2090.85739032
2118.01637923
2143.52115236
2167.60646076
2190.46125368
2212.23848228
2233.06255013
2253.03504242
2272.23917848
2290.74330504
2308.60366044
2325.86657891
2342.57026061
2358.74620194
2374.42035791
2389.61409168
2404.34495375
2418.62732409
2432.4729432
2445.89135289
2458.89026308
2471.47585783
2483.6530513
2495.42570218
2506.79679355
2517.76858403
2528.34273485
2538.52041675
2548.30239989
2557.68912961
2566.68079
2575.2773575
2583.47864576
2591.2843433
2598.69404507
2605.70727876
2612.32352673
2618.54224418
2624.36287429
2629.78486058
2634.80765714
2639.43073695
2643.65359861
2647.47577186
2650.89682186
2653.91635277
2656.53401039
2658.74948436
2660.56250978
2661.97286847
2662.98038987
2663.58495173

Process finished with exit code 0
