28127.260966
30282.5204013
34181.0249966
38818.1808435
43682.5529018
48488.0136986
52755.5872548
56068.1027605
58931.0808862
60609.0223124
60913.8152651
60481.9567583
59865.2439544
59250.9031812
57693.6812668
58302.9767289
59277.9240146
58465.2898299
55734.3506197
53522.3459093
55800.0476364
58529.9122942
59912.8609969
60083.0032214
58858.3960723
56425.2308373
52593.7849147
48763.2512814
47583.2550382
50759.6138914
54836.6985349
58042.1943598
59990.7511484
60452.9305899
59402.0809053
57191.7953028
57110.9743159
59172.4678047
60412.235919
60608.9200065
61645.725459
61143.7723575
59482.6687479
56760.9981111
53135.4884372
48789.3647105
44283.8819299
40330.9010478
37965.5720709
39904.8640963
43724.6098395
48207.8756227
52674.3844191
56503.4218041
59383.9781951
61342.7123717
62095.6239922
61292.2682222
61021.8933339
59922.339414
57988.3730764
57617.5615878
59809.6994233
61137.6258412
60830.7102214
59088.2285878
55905.0374473
51979.5896593
48888.568451
49409.6890392
52817.947253
56744.8647275
59611.8515145
61069.2108193
61145.4433166
59978.7524893
57314.5020604
55120.7350121
56677.2049691
59366.7960548
60593.8922653
59983.6721013
59325.3874093
60617.2100579
61348.1568909
61950.5779066
62613.915052
62384.1902395
60812.4687318
57706.3865913
53812.456198
49373.3689919
44708.3033711
40029.0899374
35614.1064097
31977.6256556
29901.1548875
31622.0635123
35117.2295701
39471.7794542
44136.0535946
48809.323102
53288.5928045
57183.6524975
60285.0406381
61914.2266389
62367.3639414
61519.4022514
61170.2182608
60013.7971851
59421.5415169
60188.3819883
59365.0013055
56923.6209057
55633.7527813
57986.1448054
60140.6814123
60340.0678379
59322.4208177
56560.1570078
52713.9047646
49590.4808845
50498.5895588
54098.1854646
57649.7858457
59699.2586446
60185.705137
58923.4012573
57751.1274073
59561.1552202
60743.3169218
60959.787179
60009.4830429
57851.5839394
54678.292688
50519.4007079
45859.5965836
41639.724835
39199.9221495
41611.7329308
45819.8577561
50437.811889
54506.242521
57632.2467908
59696.3883789
60489.2818494
60203.8518066
59027.501119
57119.6041979
58257.7293568
59471.4023167
58995.7737841
56974.7880739
53502.7934147
49634.1992682
48521.4840028
51891.7140284
55744.9047575
58330.2985798
59281.6671749
58961.8773864
56869.8244641
54252.2982756
55590.0850699
58153.6202728
58862.4872533
57823.5210654
58353.3177106
59660.9724304
59895.1095046
60774.0679624
60238.9899399
58717.7821244
55914.8679073
52678.2613271
48488.7721309
43696.8029517
38832.414546
34194.1591984
30292.2256273
28127.1039582
30281.6533514
34180.6071112
38818.06968
43682.5209859
48488.0038771
52755.5054006
56067.1293551
58928.154327
60606.9879568
60913.0989818
60482.8699879
59866.4602666
59251.5704847
57693.7262795
58303.7217769
59278.3142454
58465.7605035
55734.6315304
53522.438621
55800.0106507
58530.1083469
59913.335363
60080.8963952
58857.2502321
56424.8324917
52593.2318804
48762.7736804
47584.3005628
50760.743518
54838.371565
58044.2102559
59991.3269495
60457.898331
59402.3294673
57190.7131981
57111.7803197
59173.4986744
60413.7720921
60608.8352626
61646.5790676
61141.2468811
59469.9561168
56753.909603
53132.9991764
48788.3913524
44281.9072969
40327.4713901
37965.1349318
39909.7504593
43727.4899657
48209.0298013
52675.4262765
56507.9598905
59395.8985241
61358.3872515
62104.9198501
61281.4515173
61012.2089876
59918.7489739
57987.149432
57620.3945876
59812.5093794
61140.4909443
60818.1468396
59078.6416816
55902.5486177
51976.4087933
48885.7164271
49413.8786725
52821.2608304
56747.5365368
59621.6568448
61083.0231569
61134.9925678
59973.3432247
57312.2150456
55119.6611135
56679.4752386
59369.0107846
60596.5323712
59985.5382779
59324.2806705
60619.1125899
61352.9587711
61953.7892614
62610.1266641
62378.8404439
60811.5981778
57707.4608917
53812.4678759
49373.5049134
44708.9053092
40030.1715502
35615.2518211
31978.4464199
29901.8269077
31622.1023729
35116.6092395
39470.8645618
44135.4077301
48809.1112282
53288.4599412
57180.7238868
60282.6640321
61910.3465549
62364.1914064
61521.1497087
61172.6560056
60014.7800244
59423.5299233
60188.5688049
59366.9126886
56924.858926
55633.1553546
57984.5507446
60136.6579257
60341.6396482
59329.3520154
56562.2772393
52715.7836268
49592.226666
50497.1136917
54096.7370846
57645.0862488
59690.8086877
60180.009067
58924.5214457
57750.2460544
59555.2166582
60735.8344578
60962.106919
60031.2920728
57861.7233013
54682.6182833
50521.7819701
45864.0402389
41646.7639995
39200.7270886
41606.2738383
45816.2590654
50435.5732162
54500.8871831
57621.5905866
59685.1613776
60480.6537285
60203.3898128
59032.8494054
57120.4972704
58258.3535503
59481.0976277
59001.2195375
56979.5009585
53505.5620316
49637.0693891
48520.143593
51889.8897154
55742.4177793
58326.1212101
59279.1097087
58961.6921968
56870.9319757
54252.7078623
55589.9649677
58153.5727973
58863.4781261
57823.9274096
58353.464398
59661.0955107
59895.132938
60773.721893
60238.0336291
58715.9558011
55914.3163115
52678.5349412
48488.8153447
43696.842663
38832.4863773
34194.0956368
30291.8854441

Process finished with exit code 0
