30508092.9003
33530075.6418
38435134.2813
43782290.9188
48864919.397
53706239.9676
57942685.8458
61222392.7593
64073717.0113
65765133.0695
66087150.4059
65663406.6878
65042816.5587
64427214.1873
62884351.8683
63489401.9693
64449151.6472
63642505.2594
60936223.9668
58726511.6548
61000779.1662
63706357.3784
65079671.2281
65247260.6209
64019839.4975
61608303.8941
57804412.0322
53931842.9769
52710521.4777
55963956.4135
60035143.5959
63209258.6672
65148820.5071
65617892.8339
64583873.6964
62391819.862
62311781.0463
64352966.7057
65584062.4604
65791764.7369
66821536.7909
66300477.9379
64629828.4098
61925931.4197
58336332.4762
53999833.2363
49386465.6687
45008907.077
42195525.4849
44515399.1957
48799811.3369
53413514.2144
57879229.2171
61670980.1232
64530003.9372
66495320.0917
67267663.136
66474439.1806
66192990.0693
65098947.0046
63186220.7349
62817451.862
64992046.1846
66301099.3928
65987068.2316
64249544.6664
61097747.1831
57187605.6047
54041888.3181
54579274.0185
58028158.0458
61929276.3799
64769166.3593
66228004.3381
66308968.5073
65149174.8256
62510010.186
60325860.2092
61878283.7282
64543175.8628
65760181.3807
65163658.3853
64512513.2086
65791017.7443
66522510.7291
67131487.3241
67786549.2215
67536988.1529
65945802.9226
62849134.4234
58993260.4114
54589615.5757
49897761.2323
45036723.5385
39989467.4752
35474104.5603
32648166.0787
35008199.0004
39394345.9098
44421590.0845
49313828.6974
54027117.3753
58474799.9096
62330823.5481
65419145.2131
67065308.5885
67539039.4658
66699658.2733
66344875.2879
65194413.3912
64602364.3338
65357626.3938
64541394.7908
62122927.3036
60838072.31
63176511.8368
65307146.7226
65501216.9892
64482654.1487
61746344.1371
57923613.0002
54762817.8832
55690247.2209
59304555.5939
62824669.8019
64858776.436
65350499.8225
64112701.1039
62947589.4438
64744520.3174
65917326.0667
66127687.0785
65160355.6904
63007603.7934
59864356.2368
55734273.5642
51019815.698
46495082.4526
43663069.6898
46460598.911
50978201.3794
55652451.1732
59693583.5291
62790351.7668
64849425.3232
65659071.9032
65379219.8946
64212014.9826
62317489.7565
63449159.2458
64638993.0191
64158044.011
62152032.96
58710187.2549
54821498.2348
53680332.1619
57101534.6664
60934594.3527
63495970.1893
64447311.1192
64132477.2718
62062597.9304
59457845.6362
60792616.7593
63333934.374
64036441.573
63009172.2093
63538566.3428
64838268.582
65077659.4017
65947675.0783
65396695.0404
63862124.2173
61070596.6372
57865950.0176
53706986.8418
48879478.646
43798225.0764
38451040.3284
33543151.202
30507939.1141
33529243.5996
38434752.7228
43782245.4275
48864892.3342
53706231.3552
57942605.4968
61221420.4379
64070763.1116
65763058.158
66086405.287
65664331.729
65044047.3353
64427883.9829
62884387.6791
63490168.6939
64449546.6001
63642970.8333
60936493.7044
58726598.8467
61000743.9889
63706558.6574
65080135.7735
65245126.9055
64018684.0877
61607915.0639
57803887.0851
53931406.8559
52711349.5115
55965008.567
60036765.2473
63211245.1271
65149404.6715
65622961.3317
64584160.9769
62390743.2218
62312544.8678
64353958.804
65585635.6581
65791684.2963
66822344.5829
66297912.0894
64617053.6725
61918922.2264
58333925.6865
53998944.7716
49384739.7173
45006113.9169
42195125.3798
44519493.8486
48802330.403
53414559.9992
57880230.2295
61675468.9321
64541984.5126
66511269.9239
67277220.9885
66463452.517
66183222.0159
65095404.1206
63185105.6247
62820210.3062
64994792.197
66303861.744
65974387.8901
64239971.6734
61095321.3105
57184637.0651
54039318.0368
54583077.4221
58031281.6727
61931901.8745
64778994.9463
66241986.0549
66298453.6442
65143778.9612
62507790.1795
60324848.944
61880466.058
64545368.3596
65762850.1676
65165552.6026
64511381.5373
65792935.5809
66527368.9851
67134752.3161
67782666.1368
67531528.0873
65944906.6149
62850212.405
58993271.2657
54589733.9956
49898290.2671
45037745.4478
39990511.4079
35474817.7357
32648868.0693
35008300.0293
39393791.2758
44421066.4292
49313261.6982
54026928.8903
58474671.2829
62327898.2013
65416782.6229
67061353.287
67535809.4777
66701425.7885
66347339.0839
65195410.4792
64604386.5254
65357799.3964
64543284.8439
62124121.1578
60837511.5303
63174948.5781
65303144.6353
65502807.9257
64489596.2876
61748425.1309
57925385.8311
54764410.4419
55688888.8212
59303167.9781
62820016.1611
64850285.2326
65344621.7969
64113756.4244
62946748.2845
64738583.4149
65909853.936
66130091.4962
65182438.8017
63017729.2042
59868579.6675
55736504.9218
51023795.1786
46500664.156
43663768.0022
46456316.5039
50974981.8841
55650349.9315
59688343.435
62779732.0056
64838085.7116
65650224.6615
65378685.1657
64217402.3498
62318349.9985
63449849.6509
64648895.0785
64163522.529
62156673.7956
58712839.14
54824138.0103
53679115.9221
57099816.1306
60932163.0956
63491796.7153
64444717.1835
64132231.0518
62063686.7973
59458226.7533
60792501.6667
63333887.4339
64037452.6253
63009581.6804
63538716.4455
64838394.2707
65077682.4907
65947317.7518
65395718.1546
63860277.8518
61070038.1146
57866216.6238
53707027.4264
48879513.7515
43798302.3442
38450984.8349
33542817.5577

Process finished with exit code 0
