41774741.5981
43522733.5555
47395509.7759
52059777.4277
56897741.7072
61439536.4846
65201165.5082
67778901.4067
69194946.031
69741415.6131
69854929.0017
69557341.2785
69479877.0223
69374980.0834
68139014.0078
68445083.1237
69570003.9432
68941453.7099
66751295.1484
65506594.4395
66826974.5739
68983249.3424
69663340.7458
69706844.9918
69446139.2362
67644005.3948
64609552.1869
61786875.5179
61109443.8812
63212315.7273
66366399.5173
68869637.9932
69847495.3125
69939570.8374
69154113.4331
67530712.8941
67478738.3666
69111233.9791
69917779.2228
69660893.4104
70101266.8859
70184551.8137
69617336.0796
67998351.9134
65146786.0308
61398846.6014
57387648.2107
53913091.4386
52253748.6322
53560733.5744
56888805.8171
60882024.7291
64717314.6769
67745276.2275
69559093.6894
70271416.5405
70311920.1185
69897579.3699
70097718.1491
69516182.8454
67912412.3705
67700673.918
69201187.7329
70197171.17
70183869.6029
69353192.0043
66974826.9767
63929913.235
61772705.0946
62074540.1669
64579090.3512
67607759.442
69696612.3163
70152968.7209
70144214.6888
69609574.2896
67579979.2761
66236530.2389
67105765.9676
69188310.7453
70130031.0779
69211547.3098
68842415.9099
69851194.9666
70136129.1197
70172433.366
70499953.3534
70418994.6591
69886515.2253
68414331.903
65715713.8813
62039247.2642
57663224.6159
52983940.5321
48473388.4267
44778318.2375
43022114.3675
44421855.2941
47964650.4023
52417225.7117
57102612.8684
61539513.1451
65316705.6506
68121720.4235
69683275.4429
70277129.7889
70365607.8264
70075488.3111
70114377.7894
69320284.0239
69008664.7524
69834207.8894
69296820.5657
67343799.9788
66634272.8939
68114056.1617
69762388.4968
70006189.8599
69542892.1809
67560998.2059
64608022.5346
62523446.2991
63038059.1774
65664190.2015
68428497.0035
69814762.6504
69832448.0164
68609604.8816
67999390.4158
69188274.288
69912677.2356
69906260.4266
69853410.8509
68839073.7117
66530204.0103
63060208.3638
59113167.2799
55607576.6074
54018270.4349
55583339.9615
59080386.7546
63020224.4847
66468194.201
68757536.7961
69737703.0851
69728383.1934
69714679.8488
68996199.6356
67721299.6118
68334840.1737
69555854.1487
69546269.0703
68196138.0238
65428765.1421
62623020.1135
61996872.4764
64203476.6963
67223105.5374
69158994.2332
69574399.7433
69318235.5458
67695964.1645
65991763.9754
66731153.6106
68802530.9294
69333357.6676
68324629.9009
68617430.5964
69536768.0497
69422717.9673
69748832.8622
69646750.7229
69129200.5295
67737733.0106
65187789.3146
61449975.8506
56911384.6601
52073773.175
47408478.1135
43532450.4102
41774578.6336
43522445.4771
47395400.0738
52059742.9543
56897729.5983
61439531.6422
65201145.7476
67778558.3941
69193968.3597
69740645.9635
69854824.0188
69557296.8886
69480202.0183
69375145.7972
68139126.8098
68445167.9918
69570103.0081
68941718.9828
66751389.0797
65506691.6616
66826955.367
68983131.3397
69663852.3399
69706130.8416
69445633.2335
67643809.9527
64609301.1804
61786703.2937
61109823.8852
63212802.8412
66366979.7907
68871009.3128
69847517.5073
69940731.9662
69154115.7718
67530707.129
67479081.8092
69112070.3404
69917166.5488
69660303.3331
70101944.3298
70184133.647
69612012.0102
67995009.486
65145998.5152
61398448.4054
57386826.7496
53912030.9389
52254141.158
53562504.0999
56889939.26
60882512.0008
64717650.0372
67747243.1076
69564398.6666
70275525.895
70314103.7792
69896085.5729
70093419.3995
69514382.8586
67911564.5986
67701282.7507
69201953.4416
70201730.9513
70177374.5579
69348655.3118
66974084.758
63928598.6927
61771967.5253
62076145.2922
64580390.6378
67608632.2044
69701358.2998
70158878.7367
70138818.5257
69607248.6501
67579156.8049
66236346.7674
67106712.8161
69189526.5156
70131039.4661
69212525.1998
68842654.9117
69851437.198
70137447.7151
70172269.9839
70498611.8628
70417896.1352
69886636.6149
68414723.4538
65715775.2902
62039369.7991
57663499.2649
52984484.9385
48474180.7808
44778855.064
43022416.3408
44421506.2936
47964133.4455
52416689.4918
57102313.7243
61539376.6175
65316625.663
68120589.8149
69682126.1606
70276685.3248
70364254.8327
70075640.6183
70114925.9861
69320336.8581
69009203.1972
69834779.3366
69297924.4635
67344276.7227
66634131.4064
68113649.8346
69759624.789
70006880.571
69546694.8129
67561649.9542
64608791.2553
62523982.5616
63037499.544
65663713.4498
68426654.296
69809596.7276
69833142.9447
68609384.0564
67999106.6215
69187214.8854
69908340.994
69908655.9641
69860096.4201
68844018.833
66531993.8691
63061067.8076
59115059.5214
55610361.1784
54018853.6271
55581364.2372
59078838.7993
63019429.9127
66466101.777
68751792.5715
69735022.7845
69726479.2909
69714603.5982
68996526.6443
67721684.2701
68335610.1299
69557484.2757
69548892.4183
68198601.2581
65429677.3036
62624124.1773
61996654.1015
64202774.3314
67222107.0012
69156815.6667
69573539.8066
69319116.7439
67696113.1674
65991924.4942
66731105.5139
68802460.6741
69333394.5225
68324691.415
68617469.7404
69536737.3375
69422647.5428
69748786.809
69646504.8035
69128661.8641
67737572.3822
65187921.4145
61449985.7856
56911396.8495
52073802.9909
47408517.1847
43532470.2773
