4063517.8639
3834976.8649
4196585.44255
5107489.69258
5629599.2947
13800294.1497
13709390.8405
13730543.4431
5534811.1211
5083181.98355
4146421.57921
3836853.50682
4118754.96678
4100266.71846
4494133.46185
4333211.44036
4457322.85742
4137664.1534
4748713.80935
4781414.72185
4843428.91386
5068221.97236
4789386.10343
4603081.66225
4558068.48125
4777778.48286
4240613.30652
4228479.05499
4637365.10713
4749384.15827
6110590.70345
5792845.60013
5775007.83199
4599721.56581
4760549.59619
4862503.92061
4821914.69879
4854814.25081
4921620.86809
5068553.65476
4647133.92799
5025760.21509
5007605.23382
4852915.92789
4983504.78204
5071611.35813
5483808.37437
7016113.87113
7242388.78394
7002661.71713
5889578.88109
5030720.69709
5023816.5048
4830790.86169
4845093.91314
4883508.50304
4729053.92936
4832954.01275
5185025.58799
4941966.08604
4717777.60503
4794598.30976
4775051.18554
4725040.03821
5006452.57187
4912211.98525
5553405.80444
4460535.43334
4547164.65682
4420298.32799
4327598.96236
4440713.49008
4543493.19766
4490720.55967
4372830.88389
4455748.1512
4229456.22125
4131870.17055
4449951.41896
3581526.33265
3912872.81908
3853877.62993
4042266.38412
4056109.34336
3974328.60149
3609637.27602
3388199.7253
4106826.75784
4944556.29999
13847764.0365
13888712.9385
13898751.5582
4992580.30315
4169581.20503
3455828.24829
3800615.73128
4001182.75249
4175099.64742
4179500.36933
4034370.87948
4137768.75252
4113908.37092
4234621.54226
4425241.84902
4358732.58967
4445514.84657
4403682.76596
4451752.39823
4847695.68039
4754514.71235
4986131.41032
4565966.54552
4248391.2139
4307632.83843
4993366.36279
4515732.34659
4584208.6963
6145483.40147
6281570.65745
6053652.53592
4730632.19215
4993796.95614
5166739.93514
4868267.67089
4985010.34978
5382070.01408
5237356.25964
4981251.88227
5175942.25573
5545857.45472
4925928.54767
5548953.05117
5433361.89698
5166877.5297
5241245.38495
5553519.73558
6165525.34337
7620125.7058
7348428.09974
6983087.75665
6125899.04238
5677670.14176
5340099.46841
5276019.43522
5430806.32309
5772522.90503
5270637.58057
5675018.46667
5428559.21963
5186840.27768
5597377.78742
6103005.07136
5418164.1302
4866774.94269
5332183.96417
5052661.5846
5075957.98845
6776789.52731
7384482.17172
7050092.00902
4760404.21015
4976659.79274
4794980.89008
5312354.54559
5143485.13808
4653543.51157
4970914.57278
4356328.44085
4646501.81537
4583514.62904
4478418.02252
5102825.70909
4787643.3787
4763445.02411
4595791.91537
4665675.30629
4682333.80097
4377713.05266
4331877.40667
4436152.73868
3995266.57932
3823636.22011
4120917.76302
4942473.15033
5631077.8932
13799350.6266
13708984.532
13730410.8499
5518365.97434
4975827.22613
4034330.62964
3852111.58175
3975897.40589
4117270.70336
4486170.33778
4339429.59876
4399202.51059
4144850.67449
4756269.3726
4849827.27982
4817699.99024
5074132.04381
4795487.31936
4610519.43018
4564831.4906
4783991.86365
4250908.89284
4251286.52516
4642735.65955
4512246.09106
6118158.83067
5799681.59675
5780894.24861
4668391.2064
4764234.31589
4911569.75353
4823668.07688
4859894.23808
4924483.36525
5070769.93009
4652129.37207
5039014.7542
5013399.46223
4856139.08476
4983714.25504
5070151.8033
5475592.53514
7019889.16018
7017497.76292
7006045.42676
5885096.70228
5030213.41848
5051110.52721
4853941.49867
4850018.37652
4886736.48324
4732610.29489
4837577.20732
5188035.14354
4943669.53099
4720877.72449
4798051.31043
4474908.30687
4550896.55511
5009986.96205
4915975.52432
5555903.67071
4463861.57597
4549419.81372
4422154.03537
4331996.09587
4427444.7393
4546910.05383
4493060.34455
4375890.00834
4458320.18429
4428535.04443
4134019.39725
4451791.08547
3583657.1392
3915698.72685
3856997.85356
4044864.20071
4037982.9647
3975337.34815
3612612.28097
3391087.91708
4108732.41916
4930927.13288
13847592.7462
13888655.86
13898911.0497
4994521.08661
4171800.89052
3458323.30017
3802648.88465
4004554.79634
4177101.75423
4182411.18479
4037733.63523
4141359.39374
4134936.65772
4236548.58069
4427337.59516
4360615.57923
4447437.11917
4406656.41942
4399083.78921
4851019.46914
4758365.59761
4989317.37261
4570126.64291
4249680.43777
4308798.61001
5113134.20817
4518770.6784
4586165.32329
6147864.55533
6283653.44942
6056498.54156
4732299.70337
4996988.73865
5164626.21783
4807875.2203
4991867.35073
5384396.43575
5568493.7057
4969336.73119
5194374.35977
5549565.84894
4927761.62115
5554593.03085
5439598.16502
5176679.89465
5243453.82925
5555012.69069
6162868.62243
7625090.52039
7352221.60963
6988061.79433
6119870.67729
5679073.53405
5338491.25946
5279099.41171
5437281.46952
5778556.87308
5310106.75851
5697545.13168
5432673.54193
5191798.35825
5598267.15751
6106619.26609
5327571.29943
4874273.29081
5358431.98591
5066486.5695
5097768.93465
6597187.84846
7386927.48518
7052984.51299
4764343.2252
4981642.90787
4801337.60068
5523724.69428
5231850.23107
4654537.91696
4961898.80921
4363557.21888
4653633.09224
4589067.76019
4489494.54457
5109689.23454
4793154.97285
4755725.75088
4734620.85092
4676830.34848
4683794.72716
4388683.10633
4367616.76122
4449333.79646