0 0.181709568007
1 0.181709568007
2 0.181709568007
3 0.181709568007
4 0.181709568007
5 0.181709568007
6 0.181709568007
7 0.181709568007
8 0.181709568007
9 0.135499447801
10 0.135499447801
11 0.0842091105658
12 0.0858576919644
13 0.0858576919644
14 0.086319457292
15 0.087472782018
16 0.0913042397376
17 0.0913042397376
18 0.0913042397376
19 0.0913042397376
20 0.0913042397376
21 0.0913042397376
22 0.094334030862
23 0.0938315842343
24 0.104233963629
25 0.104233963629
26 0.104233963629
27 0.104233963629
28 0.104233963629
29 0.104233963629
30 0.104233963629
31 0.104233963629
32 0.104233963629
33 0.0939433114848
34 0.0878837576792
35 0.0878837576792
36 0.0878837576792
37 0.0878837576792
38 0.0878837576792
39 0.0853138480146
40 0.113478952634
41 0.113478952634
42 0.138052470354
43 0.138052470354
44 0.138052470354
45 0.138052470354
46 0.138052470354
47 0.138052470354
48 0.138052470354
49 0.138052470354
50 0.138052470354
51 0.138052470354
52 0.138052470354
53 0.138052470354
54 0.138052470354
55 0.11511521326
56 0.11511521326
57 0.0851058997484
58 0.0875025018187
59 0.0875025018187
60 0.0875025018187
61 0.0875025018187
62 0.0875025018187
63 0.093556637788
64 0.103343156081
65 0.103343156081
66 0.103343156081
67 0.103343156081
68 0.103343156081
69 0.103343156081
70 0.103343156081
71 0.103343156081
72 0.103343156081
73 0.101958506342
74 0.0942579596711
75 0.0903653319388
76 0.0903653319388
77 0.0903653319388
78 0.0903653319388
79 0.0903653319388
80 0.0903653319388
81 0.087084997924
82 0.087084997924
83 0.0850117242017
84 0.0850117242017
85 0.0837419908859
86 0.14313755444
87 0.14313755444
88 0.178738364521
89 0.178738364521
90 0.178738364521
91 0.178738364521
92 0.178738364521
93 0.178738364521
94 0.178738364521
95 0.178738364521
96 0.178738364521
97 0.178738364521
98 0.178738364521
99 0.178738364521
100 0.178738364521
101 0.178738364521
102 0.178738364521
103 0.178738364521
104 0.178738364521
105 0.142952189445
106 0.131407330755
107 0.0845642292614
108 0.0845642292614
109 0.0851801652995
110 0.0864114573026
111 0.0892351840983
112 0.0892351840983
113 0.0892351840983
114 0.0892351840983
115 0.0892351840983
116 0.0926025643375
117 0.0926025643375
118 0.100193491931
119 0.100193491931
120 0.100193491931
121 0.100193491931
122 0.100193491931
123 0.100193491931
124 0.100193491931
125 0.100193491931
126 0.0914970004693
127 0.0914970004693
128 0.0862593849183
129 0.0862593849183
130 0.0862593849183
131 0.102237138227
132 0.12930972468
133 0.12930972468
134 0.12930972468
135 0.12930972468
136 0.12930972468
137 0.12930972468
138 0.12930972468
139 0.12930972468
140 0.12930972468
141 0.12930972468
142 0.12930972468
143 0.12930972468
144 0.12930972468
145 0.100840611708
146 0.0865768822036
147 0.0865768822036
148 0.0865768822036
149 0.091819711551
150 0.091819711551
151 0.100961338606
152 0.100961338606
153 0.100961338606
154 0.100961338606
155 0.100961338606
156 0.100961338606
157 0.100961338606
158 0.100961338606
159 0.0926917909472
160 0.0926917909472
161 0.0900703884006
162 0.0900703884006
163 0.0900703884006
164 0.0900703884006
165 0.0900703884006
166 0.0867729195488
167 0.0867729195488
168 0.0853339204857
169 0.0853339204857
170 0.126265251727
171 0.135263991554
172 0.181709568007
173 0.181709568007
174 0.181709568007
175 0.181709568007
176 0.181709568007
177 0.181709568007
178 0.181709568007
179 0.181709568007
180 0.181709568007
181 0.181709568007
182 0.181709568007
183 0.181709568007
184 0.181709568007
185 0.181709568007
186 0.181709568007
187 0.181709568007
188 0.181709568007
189 0.135495881452
190 0.135495881452
191 0.0842089694055
192 0.0858576919644
193 0.0858576919644
194 0.0860885746282
195 0.0874722421544
196 0.0913042397376
197 0.0913042397376
198 0.0913042397376
199 0.0913042397376
200 0.0913042397376
201 0.0913042397376
202 0.0943329458591
203 0.0938266749586
204 0.104233963629
205 0.104233963629
206 0.104233963629
207 0.104233963629
208 0.104233963629
209 0.104233963629
210 0.104233963629
211 0.104233963629
212 0.104233963629
213 0.0939400579437
214 0.0878837576792
215 0.0878837576792
216 0.0878837576792
217 0.0878837576792
218 0.0878837576792
219 0.0853117965677
220 0.113457976652
221 0.113457976652
222 0.138052470354
223 0.138052470354
224 0.138052470354
225 0.138052470354
226 0.138052470354
227 0.138052470354
228 0.138052470354
229 0.138052470354
230 0.138052470354
231 0.138052470354
232 0.138052470354
233 0.138052470354
234 0.138052470354
235 0.115101333525
236 0.115101333525
237 0.0851048599141
238 0.0875025018187
239 0.0875025018187
240 0.0875025018187
241 0.0875025018187
242 0.0875025018187
243 0.0935508535793
244 0.103343156081
245 0.103343156081
246 0.103343156081
247 0.103343156081
248 0.103343156081
249 0.103343156081
250 0.103343156081
251 0.103343156081
252 0.103343156081
253 0.103343156081
254 0.0942530767211
255 0.0903653319388
256 0.0903653319388
257 0.0903653319388
258 0.0903653319388
259 0.0903653319388
260 0.0903653319388
261 0.0870848351095
262 0.0870848351095
263 0.0850117242017
264 0.0850117242017
265 0.083741940971
266 0.143138680952
267 0.143138680952
268 0.178738364521
269 0.178738364521
270 0.178738364521
271 0.178738364521
272 0.178738364521
273 0.178738364521
274 0.178738364521
275 0.178738364521
276 0.178738364521
277 0.178738364521
278 0.178738364521
279 0.178738364521
280 0.178738364521
281 0.178738364521
282 0.178738364521
283 0.178738364521
284 0.178738364521
285 0.142951435779
286 0.131406509108
287 0.0845642292614
288 0.0845642292614
289 0.0849748532868
290 0.0864112915354
291 0.0892351840983
292 0.0892351840983
293 0.0892351840983
294 0.0892351840983
295 0.0892351840983
296 0.0925989996324
297 0.0925989996324
298 0.100193491931
299 0.100193491931
300 0.100193491931
301 0.100193491931
302 0.100193491931
303 0.100193491931
304 0.100193491931
305 0.100193491931
306 0.0914923146951
307 0.0914923146951
308 0.0862593849183
309 0.0862593849183
310 0.0862593849183
311 0.102220440928
312 0.12930972468
313 0.12930972468
314 0.12930972468
315 0.12930972468
316 0.12930972468
317 0.12930972468
318 0.12930972468
319 0.12930972468
320 0.12930972468
321 0.12930972468
322 0.12930972468
323 0.12930972468
324 0.12930972468
325 0.100824758761
326 0.0865768822036
327 0.0865768822036
328 0.0865768822036
329 0.091813888255
330 0.091813888255
331 0.100961338606
332 0.100961338606
333 0.100961338606
334 0.100961338606
335 0.100961338606
336 0.100961338606
337 0.100961338606
338 0.100961338606
339 0.092689103048
340 0.092689103048
341 0.0900703884006
342 0.0900703884006
343 0.0900703884006
344 0.0900703884006
345 0.0900703884006
346 0.0867720724514
347 0.0867720724514
348 0.0853339204857
349 0.0853339204857
350 0.126250486309
351 0.135246178828
352 0.181709568007
353 0.181709568007
354 0.181709568007
355 0.181709568007
356 0.181709568007
357 0.181709568007
358 0.181709568007
359 0.181709568007