0 0.193085857308
1 0.193085857308
2 0.193085857308
3 0.193085857308
4 0.193085857308
5 0.193085857308
6 0.193085857308
7 0.193085857308
8 0.193085857308
9 0.193085857308
10 0.193085857308
11 0.0911640961757
12 0.0911664023919
13 0.0911664023919
14 0.0984706131076
15 0.0984706131076
16 0.0984706131076
17 0.0984706131076
18 0.0984706131076
19 0.0984706131076
20 0.0984706131076
21 0.0984706131076
22 0.114648682321
23 0.114692182796
24 0.114692182796
25 0.114692182796
26 0.114692182796
27 0.114692182796
28 0.114692182796
29 0.114692182796
30 0.114692182796
31 0.114692182796
32 0.114692182796
33 0.114648682321
34 0.095035439354
35 0.095035439354
36 0.095035439354
37 0.095035439354
38 0.095035439354
39 0.095035439354
40 0.153903595821
41 0.153903595821
42 0.153903595821
43 0.153903595821
44 0.153903595821
45 0.153903595821
46 0.153903595821
47 0.153903595821
48 0.153903595821
49 0.153903595821
50 0.153903595821
51 0.153903595821
52 0.153903595821
53 0.153903595821
54 0.153903595821
55 0.153903595821
56 0.153903595821
57 0.0950115964221
58 0.0950115964221
59 0.0950115964221
60 0.0950115964221
61 0.0950115964221
62 0.0950115964221
63 0.114613161251
64 0.114613161251
65 0.114613161251
66 0.114613161251
67 0.114613161251
68 0.114613161251
69 0.114613161251
70 0.114613161251
71 0.114613161251
72 0.114613161251
73 0.114613161251
74 0.114613161251
75 0.0984353573745
76 0.0984353573745
77 0.0984353573745
78 0.0984353573745
79 0.0984353573745
80 0.0984353573745
81 0.0984310280331
82 0.0984310280331
83 0.09114663106
84 0.09114663106
85 0.0911374426062
86 0.193052717376
87 0.193052717376
88 0.193052717376
89 0.193052717376
90 0.193052717376
91 0.193052717376
92 0.193052717376
93 0.193052717376
94 0.193052717376
95 0.193052717376
96 0.193052717376
97 0.193052717376
98 0.193052717376
99 0.193052717376
100 0.193052717376
101 0.193052717376
102 0.193052717376
103 0.193052717376
104 0.193052717376
105 0.193052717376
106 0.193052717376
107 0.0901493188657
108 0.0901493188657
109 0.096424961015
110 0.096424961015
111 0.096424961015
112 0.096424961015
113 0.096424961015
114 0.096424961015
115 0.096424961015
116 0.109941422593
117 0.109941422593
118 0.109941422593
119 0.109941422593
120 0.109941422593
121 0.109941422593
122 0.109941422593
123 0.109941422593
124 0.109941422593
125 0.109941422593
126 0.109941422593
127 0.109941422593
128 0.0925267604357
129 0.0925267604357
130 0.0925267604357
131 0.142711908523
132 0.142711908523
133 0.142711908523
134 0.142711908523
135 0.142711908523
136 0.142711908523
137 0.142711908523
138 0.142711908523
139 0.142711908523
140 0.142711908523
141 0.142711908523
142 0.142711908523
143 0.142711908523
144 0.142711908523
145 0.142711908523
146 0.0925400898055
147 0.0925400898055
148 0.0925400898055
149 0.109981254821
150 0.109981254821
151 0.109981254821
152 0.109981254821
153 0.109981254821
154 0.109981254821
155 0.109981254821
156 0.109981254821
157 0.109981254821
158 0.109981254821
159 0.109981254821
160 0.109981254821
161 0.0964597802984
162 0.0964597802984
163 0.0964597802984
164 0.0964597802984
165 0.0964597802984
166 0.0964597802984
167 0.0964597802984
168 0.090170642241
169 0.090170642241
170 0.193085857308
171 0.193085857308
172 0.193085857308
173 0.193085857308
174 0.193085857308
175 0.193085857308
176 0.193085857308
177 0.193085857308
178 0.193085857308
179 0.193085857308
180 0.193085857308
181 0.193085857308
182 0.193085857308
183 0.193085857308
184 0.193085857308
185 0.193085857308
186 0.193085857308
187 0.193085857308
188 0.193085857308
189 0.193085857308
190 0.193085857308
191 0.0911664023919
192 0.0911664023919
193 0.0911664023919
194 0.0984706131076
195 0.0984706131076
196 0.0984706131076
197 0.0984706131076
198 0.0984706131076
199 0.0984706131076
200 0.0984706131076
201 0.0984706131076
202 0.114648682321
203 0.114648682321
204 0.114692182796
205 0.114692182796
206 0.114692182796
207 0.114692182796
208 0.114692182796
209 0.114692182796
210 0.114692182796
211 0.114692182796
212 0.114692182796
213 0.114648682321
214 0.095035439354
215 0.095035439354
216 0.095035439354
217 0.095035439354
218 0.095035439354
219 0.0950236980728
220 0.153803401566
221 0.153803401566
222 0.153903595821
223 0.153903595821
224 0.153903595821
225 0.153903595821
226 0.153903595821
227 0.153903595821
228 0.153903595821
229 0.153903595821
230 0.153903595821
231 0.153903595821
232 0.153903595821
233 0.153903595821
234 0.153903595821
235 0.153803401566
236 0.153803401566
237 0.0950115964221
238 0.0950115964221
239 0.0950115964221
240 0.0950115964221
241 0.0950115964221
242 0.0950115964221
243 0.114595122472
244 0.114613161251
245 0.114613161251
246 0.114613161251
247 0.114613161251
248 0.114613161251
249 0.114613161251
250 0.114613161251
251 0.114613161251
252 0.114613161251
253 0.114613161251
254 0.114595122472
255 0.0984353573745
256 0.0984353573745
257 0.0984353573745
258 0.0984353573745
259 0.0984353573745
260 0.0984353573745
261 0.0984310280331
262 0.0984310280331
263 0.09114663106
264 0.09114663106
265 0.0911374426062
266 0.193052717376
267 0.193052717376
268 0.193052717376
269 0.193052717376
270 0.193052717376
271 0.193052717376
272 0.193052717376
273 0.193052717376
274 0.193052717376
275 0.193052717376
276 0.193052717376
277 0.193052717376
278 0.193052717376
279 0.193052717376
280 0.193052717376
281 0.193052717376
282 0.193052717376
283 0.193052717376
284 0.193052717376
285 0.193052717376
286 0.193052717376
287 0.0901493188657
288 0.0901493188657
289 0.096424961015
290 0.096424961015
291 0.096424961015
292 0.096424961015
293 0.096424961015
294 0.096424961015
295 0.096424961015
296 0.109941422593
297 0.109941422593
298 0.109941422593
299 0.109941422593
300 0.109941422593
301 0.109941422593
302 0.109941422593
303 0.109941422593
304 0.109941422593
305 0.109941422593
306 0.109941422593
307 0.109941422593
308 0.0925267604357
309 0.0925267604357
310 0.0925267604357
311 0.142711908523
312 0.142711908523
313 0.142711908523
314 0.142711908523
315 0.142711908523
316 0.142711908523
317 0.142711908523
318 0.142711908523
319 0.142711908523
320 0.142711908523
321 0.142711908523
322 0.142711908523
323 0.142711908523
324 0.142711908523
325 0.142711908523
326 0.0925400898055
327 0.0925400898055
328 0.0925400898055
329 0.109945372084
330 0.109945372084
331 0.109981254821
332 0.109981254821
333 0.109981254821
334 0.109981254821
335 0.109981254821
336 0.109981254821
337 0.109981254821
338 0.109981254821
339 0.109945372084
340 0.109945372084
341 0.0964597802984
342 0.0964597802984
343 0.0964597802984
344 0.0964597802984
345 0.0964597802984
346 0.0964440869153
347 0.0964440869153
348 0.090170642241
349 0.090170642241
350 0.193085857308
351 0.193085857308
352 0.193085857308
353 0.193085857308
354 0.193085857308
355 0.193085857308
356 0.193085857308
357 0.193085857308
358 0.193085857308
359 0.193085857308
